5.800
5.858
5.916
5.974
6.031
6.089
6.148
6.205
6.262
6.321
6.378
6.437
6.494
6.552
6.609
6.668
6.725
6.784
6.842
6.899
6.958
7.028
7.085
7.143
7.201
7.258
7.316
7.374
7.431
7.489
7.549
7.604
7.647
7.662
7.677
7.696
7.711
7.727
7.745
7.760
7.774
7.793
7.808
7.823
7.841
7.855
7.870
7.883
7.894
7.905
7.916
7.927
7.939
7.950
7.961
7.972
7.983
7.993
8.004
8.015
8.026
8.037
8.048
8.059
8.069
8.080
8.091
8.101
8.112
8.123
8.133
8.144
8.154
8.165
8.175
8.186
8.196
8.207
8.217
8.228
8.238
8.248
8.259
8.269
8.279
8.290
8.300
8.310
8.320
8.330
8.340
8.351
8.361
8.371
8.381
8.391
8.401
8.411
8.421
8.431
8.441
8.451
8.460
8.470
8.480
8.490
8.500
8.510
8.519
8.529
8.539
8.549
8.558
8.568
8.578
8.587
8.597
8.606
8.616
8.626
8.635
8.645
8.654
8.664
8.673
8.683
8.692
8.702
8.711
8.720
8.730
8.739
8.748
8.758
8.767
8.776
8.786
8.795
8.804
8.813
8.823
8.832
8.841
8.850
8.859
8.868
8.878
8.887
8.896
8.901
8.923
8.946
8.964
8.985
9.007
9.026
9.047
9.071
9.085
9.107
9.131
9.145
9.165
9.189
9.204
9.224
9.246
9.260
9.284
9.303
9.317
9.339
9.358
9.373
9.394
9.412
9.429
9.447
9.466
9.483
9.500
9.517
9.534
9.552
9.569
9.585
9.601
9.618
9.635
9.652
9.668
9.683
9.699
9.716
9.731
9.752
9.777
9.801
9.826
9.849
9.874
9.897
9.917
9.943
9.963
9.989
10.009
10.034
10.053
10.077
10.096
10.120
10.141
10.166
10.192
10.216
10.242
10.265
10.290
10.313
10.337
10.359
10.383
10.404
10.427
10.448
10.470
10.490
10.511
10.531
10.552
10.571
10.591
10.609
10.628
10.646
10.670
10.698
10.726
10.752
10.779
10.804
10.830
10.852
10.878
10.899
10.923
10.944
10.965
10.985
11.005
11.024
11.043
11.061
11.081
11.103
11.125
11.145
11.165
11.184
11.203
11.220
11.237
11.253
11.269
11.283
11.298
11.311
11.325
11.337
11.350
11.361
11.372
11.383
11.393
11.403
