5.406 
5.451 
5.522 
5.580 
5.634 
5.750 
5.808 
5.866 
5.924 
5.982 
6.026 
6.097 
6.156 
6.213 
6.271 
6.446 
6.503 
6.561 
6.618 
6.677 
6.793 
6.851 
6.909 
6.967 
7.037 
7.095 
7.153 
7.211 
7.268 
7.326 
7.384 
7.441 
7.499 
7.615 
7.658 
7.688 
7.706 
7.722 
7.737 
7.755 
7.770 
7.785 
7.804 
7.819 
7.834 
7.851 
7.866 
7.881 
7.894 
7.905 
7.907 
7.916 
7.927 
7.938 
7.949 
7.960 
7.971 
7.982 
7.993 
8.004 
8.015 
8.026 
8.037 
8.048 
8.059 
8.070 
8.080 
8.091 
8.102 
8.112 
8.123 
8.134 
8.144 
8.155 
8.166 
8.176 
8.187 
8.197 
8.208 
8.218 
8.228 
8.239 
8.249 
8.260 
8.270 
8.280 
8.291 
8.301 
8.311 
8.321 
8.331 
8.342 
8.352 
8.362 
8.372 
8.382 
8.392 
8.402 
8.412 
8.422 
8.432 
8.442 
8.452 
8.462 
8.472 
8.482 
8.492 
8.502 
8.511 
8.521 
8.531 
8.541 
8.550 
8.560 
8.570 
8.580 
8.589 
8.599 
8.609 
8.618 
8.628 
8.637 
8.647 
8.656 
8.666 
8.675 
8.685 
8.694 
8.704 
8.713 
8.732 
8.742 
8.751 
8.760 
8.770 
8.779 
8.788 
8.798 
8.807 
8.816 
8.825 
8.835 
8.844 
8.853 
8.862 
8.871 
8.880 
8.890 
8.899 
8.908 
8.913 
8.935 
8.958 
8.976 
8.997 
9.019 
9.038 
9.059 
9.084 
9.098 
9.119 
9.144 
9.158 
9.178 
9.202 
9.217 
9.237 
9.259 
9.273 
9.297 
9.316 
9.330 
9.352 
9.370 
9.385 
9.407 
9.425 
9.442 
9.460 
9.478 
9.496 
9.513 
9.530 
9.547 
9.565 
9.582 
9.598 
9.614 
9.631 
9.648 
9.665 
9.681 
9.696 
9.713 
9.729 
9.744 
9.765 
9.790 
9.814 
9.839 
9.863 
9.887 
9.910 
9.931 
9.947 
9.957 
9.977 
10.003 
10.022 
10.047 
10.047 
10.066 
10.091 
10.110 
10.133 
10.154 
10.180 
10.206 
10.230 
10.256 
10.279 
10.304 
10.327 
10.351 
10.374 
10.397 
10.418 
10.441 
10.462 
10.484 
10.504 
10.526 
10.545 
10.566 
10.585 
10.605 
10.623 
10.643 
10.661 
10.685 
10.712 
10.740 
10.767 
10.793 
10.818 
10.845 
10.867 
10.893 
10.914 
10.937 
10.959 
10.980 
11.000 
11.020 
11.039 
11.049 
11.058 
11.076 
11.096 
11.118 
11.140 
11.160 
11.180 
11.218 
11.235 
11.284 
11.313 
11.327 
11.340 
11.353 
11.365 
11.376 
11.388 
11.409 
11.418 
11.627 
