5.738
5.796
5.853
5.911
5.969
6.026
6.084
6.143
6.200
6.257
6.316
6.373
6.432
6.489
6.547
6.604
6.663
6.719
6.779
6.837
6.894
6.952
7.022
7.079
7.137
7.195
7.252
7.310
7.368
7.425
7.483
7.543
7.598
7.641
7.656
7.671
7.690
7.705
7.721
7.739
7.768
7.787
7.802
7.817
7.834
7.849
7.864
7.877
7.888
7.899
7.910
7.921
7.932
7.943
7.954
7.965
7.976
7.987
7.998
8.009
8.020
8.031
8.041
8.052
8.063
8.074
8.084
8.095
8.106
8.116
8.127
8.137
8.148
8.158
8.169
8.179
8.190
8.200
8.211
8.221
8.231
8.242
8.252
8.262
8.273
8.283
8.293
8.303
8.314
8.324
8.334
8.344
8.354
8.364
8.374
8.384
8.394
8.404
8.414
8.424
8.434
8.444
8.454
8.464
8.473
8.483
8.493
8.503
8.513
8.522
8.532
8.542
8.552
8.561
8.571
8.580
8.590
8.600
8.609
8.619
8.628
8.638
8.647
8.657
8.666
8.676
8.685
8.695
8.704
8.713
8.723
8.732
8.741
8.751
8.760
8.769
8.779
8.788
8.797
8.806
8.816
8.825
8.834
8.843
8.852
8.861
8.871
8.880
8.889
8.894
8.916
8.939
8.957
8.978
9.000
9.019
9.040
9.064
9.078
9.100
9.124
9.138
9.158
9.182
9.197
9.217
9.239
9.253
9.277
9.296
9.310
9.332
9.350
9.365
9.387
9.404
9.422
9.440
9.458
9.475
9.492
9.509
9.526
9.544
9.561
9.577
9.594
9.611
9.628
9.644
9.660
9.675
9.692
9.708
9.723
9.744
9.769
9.793
9.818
9.842
9.866
9.889
9.909
9.936
9.955
9.981
10.001
10.026
10.045
10.069
10.088
10.111
10.133
10.158
10.184
10.208
10.234
10.257
10.282
10.305
10.329
10.351
10.374
10.396
10.419
10.440
10.461
10.482
10.503
10.523
10.543
10.562
10.582
10.601
10.620
10.638
10.662
10.689
10.717
10.744
10.770
10.795
10.822
10.844
10.869
10.890
10.914
10.935
10.956
10.976
10.996
11.015
11.034
11.052
11.073
11.094
11.116
11.136
11.156
11.175
11.194
11.211
11.228
11.244
11.260
11.274
11.289
11.302
11.316
11.328
11.341
11.352
11.363
11.374
11.384
11.394
